  -1.5218950e+00  -1.5217184e+00  -1.5213470e+00  -1.3005068e+01  -1.0748400e+01   1.0000000e+00             Inf
   3.3048889e-04   3.0004304e-04  -3.8587326e-04  -1.9998130e+01   5.0199521e-03   1.0000000e+00             Inf
  -5.1328484e-01   1.2437977e-03  -5.4325889e-04  -1.9021648e+01   1.7053056e-03   1.0000000e+00   1.6215772e-01
  -1.2957220e+00   1.2081833e-06  -6.3734918e-01  -1.6520315e+01  -3.5828451e+00   1.0000000e+00   1.5757026e-01
  -1.2423254e+00   2.9284893e-02  -1.0005826e+00  -1.5985085e+01  -4.9731284e+00   1.0000000e+00   1.5664852e-01
  -9.9958548e-01  -1.9578407e-02  -1.0424576e+00  -1.6305453e+01  -4.1211839e+00   1.0000000e+00   1.5016382e-01
  -6.0998570e-05   3.6304333e-04  -4.4893875e-04  -1.9998109e+01   4.2925734e-03   1.0000000e+00   1.3994403e-01
  -1.3106206e+00  -3.6854556e-02  -1.3937679e+00  -1.5259884e+01  -6.6642953e+00   1.0000000e+00   1.3803927e-01
  -1.5205678e+00  -1.1263314e-06  -3.8745105e-07  -1.7377768e+01  -3.5827674e+00   1.0000000e+00   1.2941092e-01
  -1.2460161e+00  -4.1319703e-03  -1.2172235e+00  -1.5633422e+01  -6.0093581e+00   1.0000000e+00   1.2425172e-01
  -1.4112441e+00  -1.1933635e+00  -1.3493107e+00  -1.3884795e+01  -9.7310884e+00   1.0000000e+00   9.5442294e-02
  -1.1739004e+00  -9.1324743e-01  -1.1789958e+00  -1.4848068e+01  -7.1411388e+00   1.0000000e+00   9.0764918e-02
  -1.2446716e+00  -4.1578375e-03  -1.1526153e+00  -1.5737470e+01  -5.7417819e+00   1.0000000e+00   7.7347161e-02
  -1.2058902e+00  -5.6538585e-04   9.7772194e-04  -1.7854758e+01  -2.9079559e+00   1.0000000e+00   7.5684043e-02
  -1.2008509e+00  -1.0558452e+00  -1.3839656e+00  -1.4322866e+01  -8.5929082e+00   1.0000000e+00   7.5277987e-02
  -1.2265974e+00  -3.5059725e-02  -1.0657790e+00  -1.5903132e+01  -5.2242063e+00   1.0000000e+00   7.5277767e-02
  -1.3239640e+00  -2.9504086e-03   4.8922123e-03  -1.7662225e+01  -3.2836686e+00   1.0000000e+00   6.9404760e-02
  -1.4917828e+00  -2.0713745e-05  -6.0610016e-04  -1.7419154e+01  -3.5734037e+00   1.0000000e+00   6.8491220e-02
  -7.8177425e-01   9.3874846e-03  -9.4378512e-04  -1.8533608e+01  -8.9966734e-01   1.0000000e+00   6.8040803e-02
  -9.9407093e-01  -3.0698593e-03   2.1025654e-03  -1.8189575e+01  -1.9328315e+00   1.0000000e+00   6.7067095e-02
  -1.0358536e+00  -3.5779049e-03   2.6037578e-02  -1.8076372e+01  -2.0898668e+00   1.0000000e+00   6.7003156e-02
  -8.6757957e-01   8.9677539e-03   1.1554487e-03  -1.8388892e+01  -1.2988561e+00   1.0000000e+00   6.5323443e-02
  -1.1146091e+00   2.2751757e-02   1.9198873e-03  -1.7955841e+01  -2.4716588e+00   1.0000000e+00   6.2476822e-02
  -1.1591765e+00  -9.6926940e-01  -1.3318322e+00  -1.4585144e+01  -7.8783715e+00   1.0000000e+00   6.1050158e-02
  -9.4213430e-01  -3.4494112e-03  -3.1698746e-03  -1.8273235e+01  -1.6713883e+00   1.0000000e+00   6.0526096e-02
  -6.8569272e-01  -7.4383923e-03  -5.3523974e-03  -1.8700113e+01  -4.9494230e-01   1.0000000e+00   5.8053307e-02
  -1.3786374e+00  -1.1031835e+00  -1.4080853e+00  -1.4017248e+01  -9.4002871e+00   1.0000000e+00   5.6734002e-02
  -1.3849122e+00  -1.5340443e+00  -1.4590798e+00  -1.3162372e+01  -1.0584274e+01   1.0000000e+00   5.6189369e-02
  -9.6244326e-01  -1.8354674e-02  -1.0130857e+00  -1.6414385e+01  -3.7957656e+00   1.0000000e+00   5.5661106e-02
  -1.1835065e+00  -9.7688261e-01  -1.1779064e+00  -1.4720550e+01  -7.4916557e+00   1.0000000e+00   5.5117556e-02
  -1.3033640e+00  -1.0532364e+00  -1.3965303e+00  -1.4200387e+01  -8.9585005e+00   1.0000000e+00   5.4299036e-02
  -1.4263059e+00   5.4672248e-03  -1.4217615e+00  -1.5043162e+01  -7.0117116e+00   1.0000000e+00   5.3846145e-02
  -6.1164447e-01  -2.1252851e-02   1.5644727e-02  -1.8795278e+01  -1.9000237e-01   1.0000000e+00   5.2771306e-02
  -7.1087236e-01  -9.2585361e-03  -2.0439156e-02  -1.8629818e+01  -5.5984126e-01   1.0000000e+00   5.1222267e-02
  -1.4106956e+00  -1.2272129e+00  -1.4263675e+00  -1.3743828e+01  -1.0006173e+01   1.0000000e+00   5.0463294e-02
  -1.4302149e+00   5.7828247e-03  -1.3224762e+00  -1.5188199e+01  -6.8091209e+00   1.0000000e+00   4.9386563e-02
  -1.3905099e+00  -1.3488764e+00  -1.3910484e+00  -1.3575153e+01  -1.0289624e+01   1.0000000e+00   4.9303287e-02
  -1.3219226e+00  -5.3230935e-05  -7.0973632e-01  -1.6353453e+01  -3.9248034e+00   1.0000000e+00   4.5838937e-02
  -1.4039485e+00  -1.2852287e+00  -1.4186925e+00  -1.3653081e+01  -1.0183175e+01   1.0000000e+00   4.5755366e-02
  -1.1558843e+00  -9.3415594e-01  -1.3304037e+00  -1.4653080e+01  -7.6862884e+00   1.0000000e+00   4.5439250e-02
  -7.6624831e-01   8.7345509e-03  -9.7135061e-04  -1.8561508e+01  -8.3262091e-01   1.0000000e+00   4.5359584e-02
  -9.0628438e-01   8.4519991e-03   5.3952766e-04  -1.8325221e+01  -1.4905546e+00   1.0000000e+00   4.3674761e-02
  -1.2018789e+00  -1.0267648e+00  -1.3734021e+00  -1.4386197e+01  -8.4347302e+00   1.0000000e+00   4.3128613e-02
  -1.3797336e+00  -1.4527858e+00  -1.4442805e+00  -1.3336865e+01  -1.0525614e+01   1.0000000e+00   4.2094354e-02
  -1.1586051e+00  -1.0643178e+00  -1.3145025e+00  -1.4430450e+01  -8.2945637e+00   1.0000000e+00   4.0717515e-02
  -1.3076902e+00  -2.1959796e-03  -4.9996213e-03  -1.7687748e+01  -3.2400887e+00   1.0000000e+00   4.0088614e-02
  -1.4942291e+00   8.5482641e-03  -1.3385185e+00  -1.5068004e+01  -6.9003103e+00   1.0000000e+00   3.9579801e-02
  -1.1775330e+00  -1.0026839e+00  -1.3302041e+00  -1.4506051e+01  -8.1166948e+00   1.0000000e+00   3.9469565e-02
  -5.5860151e-01  -2.0361937e-02  -1.2126039e-02  -1.8894994e+01  -4.3167525e-02   1.0000000e+00   3.9392941e-02
  -1.0916129e+00  -1.7381146e-03  -1.0327206e-02  -1.8017736e+01  -2.3891025e+00   1.0000000e+00   3.8270887e-02
